       0.0      0.7        0.7  0.0 15:45:19.758206
       0.7      0.1        0.8 10.0 15:45:19.833463
       0.8      0.1        0.9 20.0 15:45:19.912247
       0.9      0.1        1.0 30.0 15:45:20.008223
       1.0      0.1        1.0 40.0 15:45:20.087641
       1.0      0.1        1.1 50.0 15:45:20.184514
       1.1      0.2        1.4 60.0 15:45:20.399250
       1.4      0.4        1.8 70.0 15:45:20.819568
       1.8      0.9        2.7 80.0 15:45:21.751099
       2.7      1.5        4.2 90.0 15:45:23.248594
       4.2      2.5        6.7 100.0 15:45:25.790613
       6.7      3.3       10.0 110.0 15:45:29.073511
      10.0      3.3       13.3 120.0 15:45:32.383549
      13.3      3.9       17.2 130.0 15:45:36.255623
      17.2      3.8       20.9 140.0 15:45:40.011773
      20.9      4.0       24.9 150.0 15:45:44.008450
      24.9      3.7       28.7 160.0 15:45:47.761942
      28.7      3.7       32.3 170.0 15:45:51.429150
      32.3      4.0       36.3 180.0 15:45:55.436197
      36.3      3.8       40.1 190.0 15:45:59.237685
      40.1      4.0       44.2 200.0 15:46:03.265821
      44.2      4.2       48.4 210.0 15:46:07.519832
      48.4      4.0       52.4 220.0 15:46:11.521797
      52.4      4.2       56.6 230.0 15:46:15.766864
      56.6      3.9       60.5 240.0 15:46:19.666190
      60.5      4.1       64.7 250.0 15:46:23.805119
      64.7      4.4       69.0 260.0 15:46:28.162354
      69.0      4.1       73.1 270.0 15:46:32.231536
      73.1      4.1       77.2 280.0 15:46:36.340059
      77.2      4.4       81.6 290.0 15:46:40.704434
      81.6      4.4       86.0 300.0 15:46:45.115252
      86.0      4.1       90.1 310.0 15:46:49.260529
      90.1      3.8       93.9 320.0 15:46:53.020586
      93.9      3.7       97.6 330.0 15:46:56.737389
      97.6      3.7      101.2 340.0 15:47:00.419921
     101.2      4.1      105.3 350.0 15:47:04.515434
     105.3      4.2      109.6 360.0 15:47:08.747146
     109.6      4.0      113.6 370.0 15:47:12.771114
     113.6      3.8      117.4 380.0 15:47:16.574363
     117.4      3.7      121.1 390.0 15:47:20.316997
     121.1      4.2      125.3 400.0 15:47:24.532934
     125.3      4.5      129.8 410.0 15:47:29.039861
     129.8      4.6      134.4 420.0 15:47:33.600129
     134.4      4.3      138.7 430.0 15:47:37.913519
     138.7      2.1      140.8 440.0 15:47:39.991535
     140.8      0.9      141.6 450.0 15:47:40.877000
     141.6      0.4      142.1 460.0 15:47:41.307373
     142.1      0.3      142.3 470.0 15:47:41.581932
     142.3      0.2      142.6 480.0 15:47:41.801525
     142.6      0.2      142.8 490.0 15:47:42.016739
     142.8      0.3      143.0 500.0 15:47:42.271580
     143.0      0.3      143.4 510.0 15:47:42.585028
     143.4      0.4      143.7 520.0 15:47:42.951671
     143.7      0.4      144.1 530.0 15:47:43.361082
     144.1      0.6      144.8 540.0 15:47:43.993786
     144.8      0.4      145.2 550.0 15:47:44.396988
     145.2      0.5      145.7 560.0 15:47:44.938154
     145.7      0.7      146.4 570.0 15:47:45.654448
     146.4      0.9      147.3 580.0 15:47:46.588088
     147.3      1.0      148.3 590.0 15:47:47.553234
     148.3      1.0      149.3 600.0 15:47:48.552534
     149.3      0.9      150.2 610.0 15:47:49.482873
     150.2      0.9      151.1 620.0 15:47:50.353211
     151.1      0.9      152.0 630.0 15:47:51.216783
     152.0      0.6      152.6 640.0 15:47:51.836333
     152.6      0.8      153.4 650.0 15:47:52.602608
     153.4      0.4      153.8 660.0 15:47:53.044216
     153.8      0.3      154.1 670.0 15:47:53.309998
     154.1      0.2      154.3 680.0 15:47:53.516870
     154.3      0.1      154.4 690.0 15:47:53.663471
     154.4      0.1      154.5 700.0 15:47:53.783911
     154.5      0.1      154.6 710.0 15:47:53.888282
     154.6      0.1      154.7 720.0 15:47:53.979220
     154.7      0.1      154.8 730.0 15:47:54.059583
     154.8      0.1      154.9 740.0 15:47:54.132335
     154.9      0.1      155.0 750.0 15:47:54.202403
     155.0      0.1      155.0 760.0 15:47:54.271195
     155.0      0.1      155.1 770.0 15:47:54.339130
     155.1      0.1      155.2 780.0 15:47:54.406986
     155.2      0.1      155.2 790.0 15:47:54.474785
     155.2      0.1      155.3 800.0 15:47:54.542905
     155.3      0.1      155.4 810.0 15:47:54.610006
     155.4      0.1      155.4 820.0 15:47:54.677144
     155.4      0.1      155.5 830.0 15:47:54.744004
     155.5      0.1      155.6 840.0 15:47:54.811162
     155.6      0.1      155.6 850.0 15:47:54.877826
     155.6      0.1      155.7 860.0 15:47:54.945435
     155.7      0.1      155.8 870.0 15:47:55.012323
     155.8      0.1      155.8 880.0 15:47:55.080132
     155.8      0.1      155.9 890.0 15:47:55.146636
     155.9      0.1      156.0 900.0 15:47:55.214350
     156.0      0.1      156.0 910.0 15:47:55.281018
     156.0      0.1      156.1 920.0 15:47:55.347733
     156.1      0.1      156.2 930.0 15:47:55.414188
     156.2      0.1      156.2 940.0 15:47:55.480644
     156.2      0.1      156.3 950.0 15:47:55.547003
     156.3      0.1      156.4 960.0 15:47:55.613645
     156.4      0.1      156.4 970.0 15:47:55.680413
     156.4      0.1      156.5 980.0 15:47:55.746863
     156.5      0.1      156.6 990.0 15:47:55.813359
