       0.0      0.7        0.7  0.0 23:25:35.891709
       0.7      0.1        0.8 10.0 23:25:35.973505
       0.8      0.1        0.9 20.0 23:25:36.054205
       0.9      0.1        1.0 30.0 23:25:36.138698
       1.0      0.1        1.1 40.0 23:25:36.219969
       1.1      0.1        1.2 50.0 23:25:36.300849
       1.2      0.1        1.2 60.0 23:25:36.387830
       1.2      0.1        1.3 70.0 23:25:36.467031
       1.3      0.1        1.4 80.0 23:25:36.547690
       1.4      0.1        1.5 90.0 23:25:36.627601
       1.5      0.1        1.6 100.0 23:25:36.708315
       1.6      0.1        1.7 110.0 23:25:36.823798
       1.7      0.1        1.8 120.0 23:25:36.953496
       1.8      0.2        2.0 130.0 23:25:37.126284
       2.0      0.1        2.1 140.0 23:25:37.264467
       2.1      0.1        2.2 150.0 23:25:37.389425
       2.2      0.1        2.4 160.0 23:25:37.533208
       2.4      0.1        2.5 170.0 23:25:37.675708
       2.5      0.1        2.7 180.0 23:25:37.818414
       2.7      0.1        2.8 190.0 23:25:37.963329
       2.8      0.1        3.0 200.0 23:25:38.104265
       3.0      0.1        3.1 210.0 23:25:38.242122
       3.1      0.1        3.2 220.0 23:25:38.376128
       3.2      0.1        3.4 230.0 23:25:38.516934
       3.4      0.1        3.5 240.0 23:25:38.660919
       3.5      0.1        3.7 250.0 23:25:38.803805
       3.7      0.1        3.8 260.0 23:25:38.935312
       3.8      0.2        4.0 270.0 23:25:39.101869
       4.0      0.1        4.1 280.0 23:25:39.240584
       4.1      0.1        4.2 290.0 23:25:39.387290
       4.2      0.1        4.4 300.0 23:25:39.532528
       4.4      0.1        4.5 310.0 23:25:39.672755
       4.5      0.1        4.7 320.0 23:25:39.810524
       4.7      0.1        4.8 330.0 23:25:39.952216
       4.8      0.1        5.0 340.0 23:25:40.093898
       5.0      0.1        5.1 350.0 23:25:40.234503
       5.1      0.1        5.2 360.0 23:25:40.374441
       5.2      0.1        5.4 370.0 23:25:40.511352
       5.4      0.1        5.5 380.0 23:25:40.654197
       5.5      0.1        5.7 390.0 23:25:40.801337
       5.7      0.1        5.8 400.0 23:25:40.945992
       5.8      0.3        6.1 410.0 23:25:41.208610
       6.1      0.3        6.4 420.0 23:25:41.507490
       6.4      0.3        6.7 430.0 23:25:41.794112
       6.7      0.3        6.9 440.0 23:25:42.068191
       6.9      0.3        7.2 450.0 23:25:42.335242
       7.2      0.3        7.5 460.0 23:25:42.598230
       7.5      0.3        7.7 470.0 23:25:42.861142
       7.7      0.3        8.0 480.0 23:25:43.114801
       8.0      0.3        8.2 490.0 23:25:43.378215
       8.2      0.3        8.5 500.0 23:25:43.637343
       8.5      0.2        8.7 510.0 23:25:43.886877
       8.7      0.2        8.9 520.0 23:25:44.087769
       8.9      0.2        9.1 530.0 23:25:44.285828
       9.1      0.3        9.4 540.0 23:25:44.548678
       9.4      0.2        9.6 550.0 23:25:44.744246
       9.6      0.2        9.8 560.0 23:25:44.940590
       9.8      0.2       10.0 570.0 23:25:45.136197
      10.0      0.2       10.2 580.0 23:25:45.333414
      10.2      0.2       10.4 590.0 23:25:45.528038
      10.4      0.2       10.6 600.0 23:25:45.724138
      10.6      0.2       10.8 610.0 23:25:45.914895
      10.8      0.2       10.9 620.0 23:25:46.070711
      10.9      0.1       11.1 630.0 23:25:46.197189
      11.1      0.1       11.1 640.0 23:25:46.286587
      11.1      0.1       11.2 650.0 23:25:46.366295
      11.2      0.1       11.3 660.0 23:25:46.445808
      11.3      0.1       11.4 670.0 23:25:46.524925
      11.4      0.1       11.5 680.0 23:25:46.605446
      11.5      0.1       11.5 690.0 23:25:46.685825
      11.5      0.1       11.6 700.0 23:25:46.764743
      11.6      0.1       11.7 710.0 23:25:46.844944
      11.7      0.1       11.8 720.0 23:25:46.926066
      11.8      0.1       11.9 730.0 23:25:47.005741
      11.9      0.1       11.9 740.0 23:25:47.086075
      11.9      0.1       12.0 750.0 23:25:47.165736
      12.0      0.1       12.1 760.0 23:25:47.245680
      12.1      0.1       12.2 770.0 23:25:47.324529
      12.2      0.1       12.3 780.0 23:25:47.403751
      12.3      0.1       12.3 790.0 23:25:47.482794
      12.3      0.1       12.4 800.0 23:25:47.562182
      12.4      0.1       12.5 810.0 23:25:47.642300
      12.5      0.1       12.6 820.0 23:25:47.721741
      12.6      0.1       12.7 830.0 23:25:47.801728
      12.7      0.1       12.7 840.0 23:25:47.882058
      12.7      0.1       12.8 850.0 23:25:47.961038
      12.8      0.1       12.9 860.0 23:25:48.040803
      12.9      0.1       13.0 870.0 23:25:48.120718
      13.0      0.1       13.1 880.0 23:25:48.200538
      13.1      0.1       13.1 890.0 23:25:48.279163
      13.1      0.1       13.2 900.0 23:25:48.358656
      13.2      0.1       13.3 910.0 23:25:48.438356
      13.3      0.1       13.4 920.0 23:25:48.517391
      13.4      0.1       13.5 930.0 23:25:48.596259
      13.5      0.1       13.5 940.0 23:25:48.675304
      13.5      0.1       13.6 950.0 23:25:48.754035
      13.6      0.1       13.7 960.0 23:25:48.833600
      13.7      0.1       13.8 970.0 23:25:48.913408
      13.8      0.1       13.9 980.0 23:25:48.992197
      13.9      0.1       13.9 990.0 23:25:49.071233
