       0.0      0.7        0.7  0.0 15:32:32.093196
       0.7      0.1        0.8 10.0 15:32:32.169341
       0.8      0.1        0.9 20.0 15:32:32.259364
       0.9      0.1        1.0 30.0 15:32:32.341123
       1.0      0.1        1.0 40.0 15:32:32.417382
       1.0      0.1        1.1 50.0 15:32:32.492708
       1.1      0.1        1.2 60.0 15:32:32.575052
       1.2      0.1        1.3 70.0 15:32:32.650688
       1.3      0.1        1.4 80.0 15:32:32.725404
       1.4      0.1        1.4 90.0 15:32:32.800974
       1.4      0.1        1.5 100.0 15:32:32.876546
       1.5      0.1        1.6 110.0 15:32:32.976221
       1.6      0.1        1.7 120.0 15:32:33.080389
       1.7      0.1        1.8 130.0 15:32:33.195016
       1.8      0.1        1.9 140.0 15:32:33.298520
       1.9      0.1        2.0 150.0 15:32:33.401634
       2.0      0.1        2.1 160.0 15:32:33.505341
       2.1      0.1        2.2 170.0 15:32:33.608165
       2.2      0.1        2.3 180.0 15:32:33.711131
       2.3      0.1        2.4 190.0 15:32:33.813513
       2.4      0.1        2.5 200.0 15:32:33.916326
       2.5      0.1        2.6 210.0 15:32:34.022382
       2.6      0.1        2.7 220.0 15:32:34.126102
       2.7      0.1        2.9 230.0 15:32:34.229838
       2.9      0.1        3.0 240.0 15:32:34.333797
       3.0      0.1        3.1 250.0 15:32:34.437233
       3.1      0.1        3.2 260.0 15:32:34.540944
       3.2      0.1        3.3 270.0 15:32:34.671981
       3.3      0.1        3.4 280.0 15:32:34.776135
       3.4      0.1        3.5 290.0 15:32:34.877901
       3.5      0.1        3.6 300.0 15:32:34.981421
       3.6      0.1        3.7 310.0 15:32:35.083753
       3.7      0.1        3.8 320.0 15:32:35.188406
       3.8      0.1        3.9 330.0 15:32:35.291968
       3.9      0.1        4.0 340.0 15:32:35.395994
       4.0      0.1        4.1 350.0 15:32:35.499913
       4.1      0.1        4.2 360.0 15:32:35.604190
       4.2      0.1        4.3 370.0 15:32:35.707136
       4.3      0.1        4.4 380.0 15:32:35.812644
       4.4      0.1        4.5 390.0 15:32:35.916365
       4.5      0.1        4.6 400.0 15:32:36.018838
       4.6      0.2        4.8 410.0 15:32:36.227486
       4.8      0.2        5.1 420.0 15:32:36.462690
       5.1      0.2        5.3 430.0 15:32:36.680192
       5.3      0.2        5.5 440.0 15:32:36.880819
       5.5      0.2        5.7 450.0 15:32:37.074285
       5.7      0.2        5.9 460.0 15:32:37.265060
       5.9      0.2        6.1 470.0 15:32:37.459878
       6.1      0.2        6.3 480.0 15:32:37.653786
       6.3      0.2        6.5 490.0 15:32:37.847144
       6.5      0.2        6.7 500.0 15:32:38.036775
       6.7      0.2        6.8 510.0 15:32:38.225119
       6.8      0.2        7.0 520.0 15:32:38.399953
       7.0      0.2        7.2 530.0 15:32:38.565107
       7.2      0.2        7.4 540.0 15:32:38.783327
       7.4      0.2        7.6 550.0 15:32:38.949260
       7.6      0.2        7.7 560.0 15:32:39.114772
       7.7      0.2        7.9 570.0 15:32:39.278076
       7.9      0.2        8.1 580.0 15:32:39.442652
       8.1      0.2        8.2 590.0 15:32:39.605164
       8.2      0.2        8.4 600.0 15:32:39.768282
       8.4      0.2        8.5 610.0 15:32:39.928521
       8.5      0.1        8.7 620.0 15:32:40.070132
       8.7      0.1        8.8 630.0 15:32:40.183550
       8.8      0.1        8.9 640.0 15:32:40.275708
       8.9      0.1        9.0 650.0 15:32:40.351348
       9.0      0.1        9.0 660.0 15:32:40.425842
       9.0      0.1        9.1 670.0 15:32:40.498683
       9.1      0.1        9.2 680.0 15:32:40.573095
       9.2      0.1        9.3 690.0 15:32:40.649386
       9.3      0.1        9.3 700.0 15:32:40.724080
       9.3      0.1        9.4 710.0 15:32:40.799587
       9.4      0.1        9.5 720.0 15:32:40.875056
       9.5      0.1        9.6 730.0 15:32:40.950538
       9.6      0.1        9.6 740.0 15:32:41.025531
       9.6      0.1        9.7 750.0 15:32:41.101602
       9.7      0.1        9.8 760.0 15:32:41.176530
       9.8      0.1        9.9 770.0 15:32:41.251886
       9.9      0.1        9.9 780.0 15:32:41.327162
       9.9      0.1       10.0 790.0 15:32:41.402236
      10.0      0.1       10.1 800.0 15:32:41.477425
      10.1      0.1       10.2 810.0 15:32:41.551749
      10.2      0.1       10.2 820.0 15:32:41.627461
      10.2      0.1       10.3 830.0 15:32:41.704230
      10.3      0.1       10.4 840.0 15:32:41.778924
      10.4      0.1       10.5 850.0 15:32:41.854016
      10.5      0.1       10.5 860.0 15:32:41.928930
      10.5      0.1       10.6 870.0 15:32:42.004606
      10.6      0.1       10.7 880.0 15:32:42.080359
      10.7      0.1       10.8 890.0 15:32:42.156771
      10.8      0.1       10.8 900.0 15:32:42.233029
      10.8      0.1       10.9 910.0 15:32:42.308844
      10.9      0.1       11.0 920.0 15:32:42.384752
      11.0      0.1       11.1 930.0 15:32:42.462006
      11.1      0.1       11.1 940.0 15:32:42.537165
      11.1      0.1       11.2 950.0 15:32:42.613967
      11.2      0.1       11.3 960.0 15:32:42.689231
      11.3      0.1       11.4 970.0 15:32:42.764316
      11.4      0.1       11.5 980.0 15:32:42.842307
      11.5      0.1       11.5 990.0 15:32:42.917798
